9.278457080356458109e-01 1.012088964195764440e+00 1.025678252276179814e+00
1.014665486293849783e+00 1.046732184756771877e+00 9.473498182532448242e-01
1.147858840878190234e+00 8.196830913960642118e-01 1.107589908754100794e+00
1.063603814040920970e+00 8.969309171239222556e-01 1.183831963650185060e+00
1.000509934229740994e+00 1.112671152094362625e+00 8.990304762097265368e-01
9.341828158155662809e-01 9.270614686317376618e-01 9.682189065491207947e-01
9.524044904373619724e-01 1.077796803326995123e+00 8.655331241847735724e-01
9.452015167355627412e-01 9.625118550830860098e-01 8.555042796194367583e-01
1.125998383142697401e+00 1.053757053531237942e+00 1.051915305629483210e+00
1.070988419246893697e+00 1.075350606607169857e+00 1.046751863553630368e+00
1.089652463343973476e+00 1.133846615739337649e+00 1.199274622214562269e+00
1.108160361649269232e+00 7.901767281279132860e-01 1.103750083196089582e+00
9.970755360291529978e-01 9.216100600583082558e-01 7.433474214946775849e-01
1.117331796207960082e+00 9.298396846480364575e-01 8.284136237074252174e-01
1.076489817415832162e+00 1.157547416275375385e+00 1.010219662307357158e+00
1.100302495230112809e+00 9.802979021364059964e-01 1.049912702073129367e+00
1.167838691551612129e+00 9.132225092226451402e-01 1.156568816057106819e+00
1.215910834324908096e+00 8.356075778990923464e-01 1.079254816373310888e+00
8.213926224177676705e-01 9.305829329924205640e-01 9.976176150933245834e-01
8.258036675626927448e-01 8.597956866547116217e-01 1.077875156448468985e+00
9.074885949307218702e-01 1.171385277838660643e+00 1.113091215503402287e+00
9.183915437959531136e-01 1.010202614997795845e+00 9.894416252432199910e-01
1.017924110796150305e+00 1.125193820146010770e+00 8.436287467518153171e-01
8.991850281727057359e-01 7.784519676580151648e-01 1.028529130091487165e+00
1.124521277807785991e+00 1.034468881577869315e+00 1.065323622572853512e+00
9.940380428341633046e-01 9.116554798933441672e-01 9.715231415508737145e-01
1.025104026984511751e+00 8.727839239958460338e-01 1.045809093791525646e+00
8.559921267090613295e-01 9.333194328101399595e-01 1.084339410630407619e+00
9.496683957809901599e-01 8.752705019620335980e-01 9.538184226760694218e-01
8.774915953122978118e-01 1.112915028185065491e+00 7.014453948036882824e-01
1.064935369220921357e+00 1.083065063475537659e+00 8.321171411760148739e-01
8.066946819512238465e-01 1.049225444128638829e+00 9.074744346686949292e-01
8.705928675628511471e-01 1.000805842060882300e+00 8.911470837179388260e-01
1.059333908731822760e+00 1.019159852070991468e+00 9.677447006780219851e-01
1.127022636336141970e+00 9.737819286302528132e-01 1.064826921508563506e+00
1.118473479731842080e+00 1.098542621540658182e+00 1.119345045605776745e+00
8.595197107335877940e-01 9.923814155886903077e-01 9.703994508753857051e-01
9.225440243552723851e-01 9.629207858291463085e-01 8.224660715240993403e-01
9.314149197825598581e-01 8.829012934176696525e-01 1.296888442628264304e+00
1.065826847073287009e+00 9.200031012267955166e-01 1.077577891517924602e+00
1.020001518750784042e+00 1.117991939600229356e+00 1.036134494767684266e+00
9.079896214917697606e-01 8.974708977054103309e-01 9.677259169953535967e-01
9.581296926586064799e-01 1.042599061031697749e+00 9.643097719456488193e-01
1.007077554728869284e+00 7.961439337840212627e-01 1.183313517510000690e+00
8.097803379590865491e-01 8.866417785088641645e-01 1.073019389424900494e+00
8.427690420660056692e-01 1.016961762524603241e+00 9.644234403163021163e-01
1.087179422205162949e+00 9.177199473751946890e-01 9.318251327945417106e-01
1.047712620460832245e+00 9.601817126036324979e-01 8.353127288342634404e-01
1.035246225292393962e+00 1.101869369625590345e+00 9.886833248685682474e-01
1.059858792887937717e+00 8.973340867359199668e-01 9.786175537638343025e-01
9.884988441375863744e-01 9.447177444190678619e-01 9.037819857814619606e-01
9.524442953670977374e-01 1.106287432657289793e+00 9.236819723267185589e-01
9.364401499114267668e-01 9.672393702948064442e-01 1.106606077904105145e+00
1.148383524120519361e+00 9.907744461010085102e-01 1.036538072871399319e+00
8.415146197431274677e-01 1.067702659323888081e+00 1.046885799394221994e+00
9.870034229473719778e-01 1.021650899614242380e+00 9.141486605437418866e-01
1.093322238950603653e+00 8.675184121421100070e-01 1.022848820590945174e+00
1.198495389728251315e+00 1.068888318738602017e+00 1.004302948919449934e+00
1.069532340942084492e+00 9.349831944399408235e-01 1.016973604558276012e+00
1.110159609601463870e+00 8.035583111505646414e-01 9.501480744637034181e-01
1.218292411073133241e+00 1.025673206946775329e+00 9.166397459643303991e-01
9.787511984729841963e-01 1.012062061481773245e+00 1.156679780063067708e+00
1.096463718070638915e+00 1.109466931868603679e+00 1.016596225605651993e+00
1.012119606294048957e+00 1.206331563727420786e+00 1.058471733701868533e+00
8.587807803714230248e-01 1.033216190102691501e+00 1.086917154819229570e+00
1.080589585301450661e+00 9.875608375260704896e-01 1.190660298051982036e+00
9.545462200964368593e-01 1.003586321292758043e+00 9.740018318698062672e-01
1.097724897441838543e+00 1.009260500638579083e+00 1.001500787949128224e+00
9.159194566010976368e-01 1.357876947371195575e+00 9.753035057124860296e-01
9.731656187287137660e-01 1.068764890596550332e+00 1.036801350168452762e+00
9.371205310262780142e-01 9.856713070339250260e-01 8.872160740210979224e-01
1.160271061825523198e+00 1.006370340018202025e+00 1.057456823171134985e+00
1.238435240262859338e+00 1.163778641013699211e+00 9.289267657551183444e-01
1.045423915864472919e+00 9.354777290314092442e-01 9.941134475965300865e-01
1.264688152856970005e+00 1.080889265745526018e+00 1.004006996177067901e+00
9.160620069393127229e-01 1.119230292407923155e+00 8.744228772665785243e-01
1.014813952130837249e+00 1.137910633164960883e+00 9.417525241446480511e-01
1.045945681649155912e+00 8.446596048237937637e-01 9.605272956189339073e-01
1.062311093980682797e+00 8.996045879481116003e-01 1.002070431370345016e+00
9.682834802215839476e-01 9.476923218805620719e-01 9.278953583612571387e-01
1.116349820208618393e+00 1.093888561385000235e+00 9.612703485321527630e-01
8.802179646993461004e-01 9.547286957633640547e-01 9.806432971709495572e-01
1.023667241789821603e+00 1.030172124426741442e+00 1.117984019388389427e+00
8.820117482616357529e-01 9.715760392864150052e-01 9.767723427795915736e-01
9.970213913988132948e-01 9.977893571378898541e-01 9.981200432795833688e-01
9.641765062218480287e-01 1.055811027441458716e+00 9.085388837173741239e-01
1.035044850540765227e+00 1.221014621446751214e+00 1.167202828037575468e+00
1.077674775610395486e+00 1.151555841324330309e+00 9.217536104034028677e-01
8.738563412094622063e-01 1.069322512151953175e+00 1.014008743778858079e+00
1.025632157106457498e+00 8.888660163607843279e-01 9.432774569282280641e-01
1.097628997303457643e+00 1.046278554176150122e+00 8.057186359876242765e-01
9.652759711269287557e-01 1.046537864522001371e+00 9.465773890253240674e-01
1.029730767932158120e+00 1.085183034219263210e+00 9.216647211956165986e-01
1.128264309872827109e+00 1.037180969361326532e+00 9.575735737737912645e-01
9.568193993211455695e-01 1.064472387616007598e+00 8.673497183234011310e-01
9.325463101664639431e-01 9.421674389984933118e-01 1.024517795540943688e+00
8.377439449733166121e-01 1.108358427583321593e+00 8.938258146978672603e-01
1.161258678422663726e+00 1.121950980774043760e+00 1.016551388585604343e+00
9.438021330057766445e-01 8.669766400182613575e-01 9.271281155692872034e-01
1.085581987544177895e+00 9.873794277885163950e-01 9.462309592866816610e-01
1.075394684965568892e+00 9.474740771489923441e-01 9.817758982484926511e-01
1.001392892096383713e+00 9.929292172036313646e-01 9.646120794676290577e-01
8.542957485002280471e-01 8.137467832165306003e-01 1.029265652475813253e+00
9.148345870302805327e-01 9.722640260024588699e-01 8.476712591135264763e-01
9.886821644807876064e-01 9.481688673672830081e-01 9.806777912547728349e-01
1.161211716358748980e+00 1.178648668330035010e+00 1.243005792945990562e+00
9.234380000125046450e-01 1.052826826788104686e+00 1.065834227535291001e+00
1.030517008200651397e+00 9.172619702883774151e-01 9.141494080810067535e-01
1.019241565751645817e+00 1.128023659894647368e+00 1.020219289093427850e+00
8.831296966250672398e-01 9.547693642501470235e-01 1.062754497810717735e+00
9.536857378043097633e-01 9.066506553829709603e-01 1.088146012336761004e+00
1.039286203080318938e+00 1.121891216347548736e+00 1.175738736766395842e+00
1.190918421697409801e+00 1.096078733029406838e+00 1.049784249921035473e+00
8.971887753039292646e-01 8.751914459886919184e-01 1.048394986398886619e+00
1.147434879609541492e+00 9.223166416663750589e-01 8.206489119366486840e-01
1.102391424733113023e+00 9.453739132247013233e-01 1.068082275218054100e+00
1.042702037242024815e+00 8.130831295851235208e-01 8.930854011786129032e-01
9.597459141120356918e-01 1.071301340879682762e+00 1.051090035629468789e+00
1.146175121348200987e+00 9.185146051835364478e-01 1.075811301201211156e+00
1.085984742342304576e+00 1.035246002593366965e+00 9.921996411990662290e-01
1.061578526934130684e+00 7.505528439686878217e-01 1.119119159452853784e+00
8.608205832167225013e-01 9.643090700816050465e-01 1.360192218807088738e+00
9.695390561143926167e-01 1.088795954280731504e+00 1.004521720106245075e+00
1.076034816233245150e+00 1.026723103167711759e+00 1.088194391607507416e+00
1.117349126298850637e+00 1.021931024650244879e+00 1.039516067915955189e+00
9.288413545446058128e-01 9.067707274211247448e-01 9.037119946968952267e-01
9.448622316031164425e-01 1.209884256219961873e+00 1.017853022472578806e+00
1.070714327648466302e+00 8.186231265510635069e-01 8.750774810017540872e-01
1.013318457273457263e+00 1.242175028311742313e+00 1.059288808251444003e+00
9.802508359063700771e-01 1.030878689238814649e+00 9.050476645366193340e-01
1.066513363058114505e+00 1.139219938830052126e+00 8.553039950927371349e-01
7.815178103431150713e-01 9.196713136909699937e-01 8.803731365124717323e-01
1.170446770583887020e+00 1.089319303750684975e+00 1.114237960700247498e+00
9.820369390848133762e-01 8.015845215088179820e-01 1.073516061506078589e+00
7.222784509415416387e-01 9.157356984090321284e-01 1.070812998538980709e+00
1.173375509436661801e+00 1.052718254211506332e+00 7.575118148699924170e-01
9.099628102950761965e-01 1.014229993299181398e+00 8.656327930888507716e-01
9.711980902810175564e-01 9.858742258384994850e-01 1.015341654379439351e+00
9.789651879689407199e-01 1.039190843812952014e+00 1.083309929904003432e+00
1.121106433316175988e+00 8.302639611636585260e-01 9.728991654984607829e-01
1.067247540826973928e+00 1.015812023924230090e+00 1.107684413439084414e+00
1.059108901489823840e+00 8.683294493491376942e-01 7.964857022458904368e-01
8.877809705978341182e-01 1.002184705121938135e+00 7.892926447151428215e-01
8.477011018618589855e-01 1.207322088641329838e+00 1.099170206461489219e+00
9.004015567095489114e-01 1.054689800655598919e+00 1.097067934719121451e+00
1.057426008891121150e+00 9.442583184905521954e-01 1.143593513883029100e+00
9.079186631001391339e-01 9.784202726755166779e-01 1.057542666820854071e+00
1.083796767222107160e+00 1.075009687512679335e+00 8.568154447162268372e-01
9.392752984980436981e-01 9.412309141473211849e-01 1.100247024380984318e+00
1.143277487825276273e+00 1.091832380357966592e+00 1.118619422135765262e+00
1.038679708083288578e+00 1.074928438376949069e+00 1.095152180063959868e+00
8.939150204275574385e-01 8.256368977642140061e-01 1.006132796070534852e+00
1.018901233662408812e+00 9.603469558016017871e-01 1.041468875142921968e+00
1.056626161487172588e+00 1.278753122942127174e+00 1.109550075520151724e+00
9.793034174998175301e-01 1.061155866592223163e+00 1.084169960636347518e+00
1.257269700799176659e+00 9.000729852998102798e-01 8.277328657233719023e-01
9.809532231081875553e-01 1.015428010738648634e+00 9.689237798602990948e-01
1.175198151947856040e+00 1.036171577965877333e+00 9.846856661771461461e-01
9.649907883652689700e-01 9.470353324416925789e-01 9.714224343093992298e-01
1.123655589848951752e+00 1.069169459653170673e+00 1.012832203359939953e+00
8.199346715856477008e-01 9.734521403370405279e-01 9.272351670738222529e-01
9.445199737579440535e-01 9.306132622495626450e-01 8.764065796461598667e-01
1.016266554784764242e+00 9.249438719503204620e-01 9.975956662768906691e-01
1.040716852475886745e+00 8.514102056298739063e-01 9.799673716640766585e-01
9.698678166428297276e-01 9.908061242595320728e-01 1.109312484757760675e+00
1.050079348938130597e+00 9.438232651251220462e-01 9.361712611604693368e-01
8.751865307979315167e-01 8.751957923729598576e-01 7.910255244893513726e-01
1.025259679126203416e+00 8.623887528283231685e-01 9.739892740070494881e-01
1.038063386641743246e+00 1.021140403147845488e+00 9.466567229237182746e-01
7.994868640405365934e-01 1.121772306133400621e+00 9.780517097817824634e-01
1.044745359839381660e+00 1.056350916838295628e+00 1.235836273017968612e+00
9.981869321235962156e-01 9.766001695867096988e-01 9.708034393208577750e-01
9.637812728380605876e-01 9.933093786443086826e-01 8.817100232549501815e-01
1.003341087891291394e+00 9.971663348044641495e-01 1.046990382638427475e+00
1.054468371683935368e+00 9.648163374399502112e-01 1.068360146839982150e+00
9.895697467202212438e-01 8.708618301450973265e-01 1.134343828651010799e+00
1.012594278517387369e+00 1.112133328410285005e+00 9.961996724653301438e-01
1.009106310757128533e+00 1.062084317604485628e+00 1.057356171952859469e+00
9.630093875515473023e-01 1.070668875326828973e+00 1.043687001631262934e+00
1.075263675866601210e+00 9.754712037305109940e-01 1.164705830907725170e+00
8.602111687179566646e-01 1.049635621631070048e+00 1.035434520101227829e+00
1.034875600043123178e+00 8.529618491280945847e-01 9.869737607536467339e-01
9.023866765123480516e-01 9.850005078545698289e-01 9.802243805378222374e-01
9.780906788414928110e-01 9.399415630484169171e-01 1.116484139519283270e+00
8.427292685173761733e-01 1.123195488403540221e+00 1.066691590079647423e+00
1.139354631061541445e+00 1.209079204446610989e+00 1.045628296810917179e+00
9.224229901640927931e-01 9.244194182163736340e-01 9.591727229680654387e-01
1.068124662771862576e+00 8.410077496604537739e-01 9.224456048310188949e-01
1.047456587177341802e+00 1.047022124230156059e+00 1.098435596813555959e+00
9.543805570502759128e-01 1.154409446456074795e+00 1.132105779953541225e+00
1.041859049371336221e+00 9.889185216933067402e-01 1.010964709879252243e+00
8.298770093296008454e-01 9.493881102970505026e-01 9.065018770481503285e-01
1.028788181804151103e+00 1.061937977237698671e+00 1.012654975474397423e+00
9.819050726453195654e-01 8.680480762792603944e-01 9.321303280940789193e-01
8.959509089748115551e-01 1.061634797272750896e+00 8.841564154202683490e-01
8.660240995490722238e-01 1.072650702195710348e+00 6.588017158629966286e-01
1.027653075628776280e+00 1.060751780495564622e+00 1.100004661223457303e+00
1.048991898723666383e+00 9.413093865343576949e-01 9.498921378168269092e-01
1.019108038404719085e+00 9.522748017186727365e-01 1.088243024278598980e+00
9.907296945574208813e-01 1.061304602920999596e+00 1.197756190902322881e+00
9.308541436827595383e-01 7.984470455992986881e-01 7.958389961894333231e-01
1.019647979664834558e+00 9.978076206247668001e-01 1.056621814424359318e+00
1.070037486449134656e+00 8.208858521233570738e-01 1.031356867621523454e+00
8.023533240117642906e-01 1.027158869561657806e+00 1.023650188949372319e+00
9.694604353020521703e-01 7.822216732568139097e-01 9.759079282006671852e-01
9.066188996824309232e-01 9.629687430548968807e-01 1.066748114793943270e+00
1.030514002918013539e+00 1.110372605530498991e+00 1.062239492694843301e+00
7.535856374724864137e-01 9.794261567058750728e-01 1.021969004869093922e+00
1.034329641954697232e+00 1.030532196750887364e+00 1.129559902249152037e+00
1.134073420139849686e+00 9.622959922599814142e-01 9.354904270095983909e-01
1.027594035548583085e+00 1.010688466117448892e+00 9.432289609463254676e-01
1.040050501635356728e+00 9.613410830344567559e-01 9.263513089885536678e-01
1.099964501255077387e+00 1.104833051386639564e+00 9.101579848413641205e-01
8.240247563024722943e-01 1.123979040339764035e+00 9.161827260466793854e-01
9.907115651437627957e-01 9.918648610765163909e-01 9.277953796735145531e-01
1.047944310891719466e+00 1.006416419566486642e+00 9.756848430554398988e-01
1.089472333263215242e+00 1.020357926240234470e+00 9.539135520773669441e-01
1.099281702208163791e+00 8.848990186554136494e-01 9.440375011720636422e-01
9.715335609067966560e-01 9.197958400645879218e-01 1.059431048819990950e+00
1.020994930541118118e+00 9.694149806124542357e-01 1.167954755177172510e+00
1.108019993631104594e+00 1.044811308511563341e+00 1.083309520709338170e+00
9.397882489732140021e-01 1.047006225835553028e+00 1.053647052787182181e+00
9.758818390512780105e-01 1.143196539379503385e+00 1.042162203548530286e+00
9.376338157914421156e-01 9.251968498127594032e-01 9.196618211423821521e-01
9.269930523459819494e-01 1.082194306254410598e+00 9.491237478873099098e-01
9.902579024046100908e-01 1.028639107784858897e+00 1.203079742827972254e+00
8.419703626170518262e-01 9.777548638845892093e-01 1.076063464610901077e+00
9.414371365565223915e-01 9.829617997371123961e-01 1.075100668333554443e+00
9.588241316817798232e-01 9.733608928054742204e-01 1.007163103112129310e+00
1.126211197646168838e+00 1.135437456453057603e+00 1.056393179381317271e+00
1.061336053973236382e+00 9.181139892344679643e-01 8.595269071647354542e-01
1.073326634631123877e+00 9.111439576030377907e-01 9.800990816724076682e-01
8.439599679122885556e-01 1.197239607281237905e+00 1.100162645845963905e+00
1.189858604621859772e+00 9.752541190676251581e-01 9.886226488619160868e-01
9.825829071450643548e-01 1.060100876682709581e+00 1.096520893960806653e+00
7.679405940704199240e-01 8.761483984260033386e-01 1.089057143128198568e+00
1.033412389021974631e+00 9.662571522222417331e-01 8.596922383659048039e-01
1.235679245600587173e+00 9.881592118569414440e-01 1.140773708501539030e+00
1.049834455852298509e+00 9.879101177427638270e-01 7.442598695471071002e-01
1.145585969087045575e+00 9.209375166992902484e-01 9.388496175117256870e-01
9.812857696154678733e-01 9.921183516759023435e-01 9.829631631025242955e-01
9.763453038235745396e-01 8.505877117494676787e-01 9.499083126410283739e-01
9.720262318001646751e-01 1.076431559437912577e+00 1.006488999190058964e+00
9.703372897300195365e-01 1.136803232479915327e+00 1.078302487628757689e+00
9.962825137745193738e-01 1.061700841822404096e+00 8.640515259333048093e-01
8.010568249078569014e-01 1.109868068395791552e+00 8.970343982674877648e-01
8.062128947320379435e-01 9.412157098566187319e-01 1.130921599793982324e+00
9.631907410439979333e-01 1.166778108797560165e+00 8.101894658825714579e-01
1.050206427018152144e+00 1.151505482553283333e+00 1.102323949553675408e+00
1.084729040402777622e+00 9.463049044229530082e-01 9.165869755170730215e-01
1.015320440031477478e+00 1.175896328194979024e+00 9.520815408278470171e-01
1.051357758661688679e+00 9.351313109433767590e-01 8.684589613022045684e-01
1.156781137478704702e+00 9.524105406134479868e-01 9.452179634672285280e-01
1.002437130436692136e+00 1.058489401173902333e+00 8.536676886017700028e-01
1.013169631953366290e+00 1.002098401312376152e+00 8.730815841662340482e-01
9.889651863098649631e-01 1.109428987435399749e+00 9.930869781694572351e-01
7.556634180647410215e-01 1.118741363898892782e+00 9.250871442851210658e-01
1.085651790670818295e+00 1.055132573962625830e+00 1.059385517220495121e+00
8.621697208384480060e-01 1.124364864868316216e+00 1.019008755934748267e+00
9.728881308191454913e-01 1.042339045179253576e+00 8.948283362419426901e-01
1.006945998584179769e+00 1.146442525287526326e+00 9.497862546606135048e-01
1.112532623961738576e+00 9.840270960955783686e-01 8.667978082382370442e-01
1.140033958188513941e+00 1.133837424740036903e+00 9.215692124157672804e-01
9.887959982941171289e-01 1.027775672558057796e+00 9.392548703372626262e-01
8.359356189416061733e-01 8.683308676631400491e-01 7.402293882101335099e-01
9.129117553667757123e-01 1.019911533464101794e+00 8.925633784897013534e-01
9.476866163132456888e-01 1.056193991157438061e+00 8.889473450646061536e-01
1.088843395659744528e+00 1.008308485141903077e+00 8.728828925834861696e-01
8.055888710144103459e-01 9.784354628966827061e-01 9.967875644667534285e-01
1.080341286835786896e+00 1.078669500031814055e+00 1.114920757095018367e+00
9.768129226045642044e-01 1.030703225537077605e+00 9.048895867164356011e-01
1.133619281440552351e+00 1.184118670737129175e+00 1.048222153750057117e+00
9.749483811994430482e-01 1.069731049553671598e+00 6.414560514780554001e-01
1.110622482484205475e+00 1.028517825159019905e+00 9.239709958803770107e-01
9.139565710712611590e-01 1.168009195539230216e+00 1.023082010363399297e+00
1.135542327021850095e+00 8.115029812690450761e-01 9.721779766744178541e-01
9.956207878149608836e-01 9.367809599455885206e-01 1.092014900672073185e+00
1.025503498990017803e+00 1.105044598298614345e+00 1.141825054074460777e+00
1.020531076858907760e+00 9.819906950281598323e-01 1.183253440696647285e+00
1.032535801462016511e+00 1.066796749581496062e+00 9.171148522237890788e-01
9.330945623761134344e-01 9.297456137029135315e-01 9.315009597266004082e-01
9.340156389172356022e-01 9.437177284357169960e-01 1.002975532371693346e+00
8.639735640203513034e-01 9.218119026670827942e-01 9.940787810747802045e-01
9.635329680533696317e-01 1.244192817044931010e+00 1.013614878881042847e+00
1.119749503265174306e+00 8.280730335210213511e-01 9.449383229384614724e-01
1.001255769796649542e+00 1.125105076923255787e+00 1.142850493927468181e+00
8.982775499956849874e-01 1.051657739052438645e+00 1.052888943112517461e+00
1.038294900840758483e+00 8.058871074480991048e-01 9.302398455736620164e-01
9.731736073125692998e-01 9.838781289711586719e-01 1.069525886331374354e+00
1.090583717384688622e+00 9.013516751674047756e-01 9.583851210616953775e-01
1.077767439094015733e+00 9.256476066484486953e-01 1.045274505107011587e+00
1.062438310766843141e+00 9.259966121639462422e-01 8.968563271988290175e-01
8.858174327879637655e-01 9.255919816899899066e-01 1.043769849702049779e+00
9.906290279523908282e-01 9.474849852724126498e-01 9.211556950698310819e-01
9.307730214444689398e-01 1.020742925334361617e+00 9.303027029735845277e-01
1.026956935101128510e+00 1.125459432167546403e+00 1.056346132229268431e+00
1.089805829285459771e+00 9.252283529920777294e-01 8.890941985024455319e-01
1.090503931336435972e+00 9.966058620003281909e-01 9.652380905071951123e-01
9.696780518510864644e-01 1.131093180416156141e+00 1.098274132182822882e+00
1.002713866035814805e+00 8.787736975215837409e-01 9.364580522358432191e-01
1.008590122320880855e+00 9.232850590444471317e-01 1.005149045929212059e+00
1.175767634685319196e+00 1.121389026453520232e+00 1.162461525001291740e+00
9.269585704394782688e-01 9.502294787806817578e-01 1.014713930187719049e+00
9.271199015612493488e-01 9.716884378539389910e-01 1.184678918592393826e+00
9.963937764939195807e-01 8.480160628368285103e-01 1.061460876980297341e+00
9.950051043223062663e-01 9.108896141884015307e-01 1.087861836194833121e+00
8.156362485808776874e-01 9.761949884895771978e-01 1.112231621652682190e+00
9.687847585741431455e-01 1.031884375423045785e+00 8.621415633608733309e-01
9.764803690608520048e-01 9.857344769443662225e-01 1.068202901398918048e+00
9.011782000514231283e-01 1.176749682204060399e+00 9.865213082755204255e-01
1.006136228350535733e+00 8.872673474218869538e-01 1.085185146003962098e+00
9.817760005180047322e-01 1.034019704628283964e+00 9.803832997843140440e-01
9.872024839327359080e-01 1.050905257592873232e+00 1.002094444583574662e+00
1.083981833406097772e+00 9.417007465547259093e-01 9.976644065697766184e-01
9.579789863273460160e-01 1.064946730965917077e+00 1.174706633134360079e+00
1.001744171703046860e+00 1.191516914448986553e+00 1.025324749996759932e+00
9.286332502105084652e-01 1.031726551635808731e+00 1.151037978726195288e+00
1.056048486611914416e+00 1.014121683077374714e+00 9.746827946944823795e-01
1.063649597951650483e+00 1.062860546523430427e+00 1.060407365841256055e+00
1.041447148629918162e+00 9.745539419982114371e-01 1.093541506264787300e+00
1.118757344940695342e+00 1.064257241670932830e+00 1.202375573945317466e+00
1.032595211763864818e+00 9.179899072828625606e-01 8.770862539423591731e-01
1.144281587325598704e+00 9.372454632919673401e-01 9.643605782071241750e-01
7.589753817541097236e-01 9.694563899455022060e-01 9.223101240202757900e-01
1.090191651055040234e+00 1.109253644227079061e+00 9.178148077286722994e-01
9.507708883429044633e-01 9.592011094077158573e-01 9.834181912035997453e-01
8.618850700184973457e-01 8.749604242563970846e-01 1.094218772235212134e+00
9.501215411172710956e-01 9.267431597624280482e-01 1.005135672282847503e+00
1.189915850777178541e+00 9.002531693531540258e-01 1.147774382567588791e+00
1.072548089216893041e+00 9.525694913360205351e-01 1.119680371001282593e+00
1.054558161723297749e+00 9.583977947766656458e-01 8.548914885973271094e-01
9.303365831731813529e-01 1.079624391169486719e+00 9.969040144897608480e-01
9.545939838086980878e-01 9.267940045663610737e-01 1.005020213257752593e+00
1.084848674066110963e+00 9.102852333825770526e-01 1.134513419526498978e+00
1.038497117203982745e+00 1.036430338691310515e+00 1.079142244667638417e+00
8.550228813466632660e-01 1.006906978622214233e+00 8.835780972404270184e-01
1.167120493823513794e+00 9.427463774673096042e-01 8.127580468153928761e-01
8.994403280745173479e-01 1.001010860474289332e+00 8.791991789901978382e-01
9.579614313559496885e-01 1.005620932752529173e+00 9.916758635261443411e-01
1.085684625372296264e+00 1.131766930866051846e+00 9.787679243534656015e-01
1.049130960822490799e+00 1.068143535979884318e+00 9.852114446467622466e-01
1.213787649117502809e+00 9.400235245004626705e-01 1.133101708434167909e+00
1.094721346355200575e+00 9.664450271267571724e-01 1.099719091226812218e+00
9.941304009786247065e-01 9.667550695055777688e-01 9.653000282735431092e-01
1.073565550960455584e+00 1.067524489601746174e+00 1.177077046490135004e+00
8.848279550653773695e-01 1.144392425783133493e+00 9.060977276974278016e-01
1.075760448394453839e+00 1.036195584111294865e+00 8.961067565017120096e-01
1.061519671843479173e+00 9.786514876696503773e-01 1.088539930298996872e+00
1.040918518325500308e+00 1.001782266955435707e+00 1.038311413769992697e+00
9.834912331788537854e-01 1.049004645833761185e+00 8.877220988490444054e-01
1.172007824288442412e+00 1.050505912086461935e+00 9.230297220028086391e-01
9.044996716769242440e-01 9.671053695812472650e-01 1.071383070060558884e+00
9.564213664593739228e-01 9.097634616749254999e-01 9.657047307247001999e-01
1.172806893717994292e+00 1.133767597133983784e+00 1.070500481870773957e+00
9.951327480854077479e-01 9.533435333416359070e-01 1.141342365856120589e+00
9.958481650177840594e-01 8.139713415455070988e-01 1.015978701803968320e+00
8.986129840144261305e-01 1.116095478853279088e+00 8.458564481696728699e-01
8.996200467870684170e-01 8.734685046579775403e-01 9.836942404383877125e-01
7.486243752233877613e-01 1.043947049662612425e+00 8.565752823504367841e-01
8.546733057532173161e-01 9.526794447685653644e-01 7.862770528263256509e-01
1.251979158284460159e+00 1.178265723851654734e+00 1.057080198908853630e+00
8.372307115817859691e-01 1.053995132930157341e+00 9.629109615265298849e-01
1.014368221596464892e+00 1.028072903286195494e+00 8.152482507799698741e-01
9.656920786443788929e-01 1.016935528182124626e+00 9.380833966033629290e-01
1.180161891660101325e+00 9.541721656374554383e-01 1.087787584617324832e+00
8.976748649816631564e-01 1.128013027365198928e+00 9.561155921673114566e-01
1.264022088210708716e+00 9.228644921452788807e-01 1.030277021481556199e+00
1.132795560486081765e+00 1.173272814364185734e+00 1.099930673240192336e+00
8.756788989308199600e-01 1.205802562923964816e+00 9.791691950272791711e-01
1.118487384132030860e+00 1.112921624693676170e+00 9.820904803493243351e-01
1.001864885669021099e+00 1.004700839782085797e+00 1.048050048450052785e+00
7.804055926340263127e-01 7.500933968986026601e-01 1.170339993761200681e+00
9.993658854497223798e-01 8.869397007832364732e-01 1.010489731913824407e+00
1.028212079907019127e+00 1.127638943670927762e+00 1.099185830880718751e+00
9.856513579439368788e-01 1.080806827660567793e+00 1.192114377667519598e+00
9.062999074236579578e-01 9.924230923770797075e-01 8.903557707706128976e-01
1.091859137547979364e+00 1.196874066313664775e+00 9.037928982320984073e-01
1.015466497289608361e+00 1.030020827210139212e+00 1.074890871450782548e+00
9.677279181052843571e-01 9.864543072981719618e-01 1.164437507885690781e+00
1.026609404853396024e+00 1.098275668269642402e+00 9.558406530303521498e-01
1.027482261431393873e+00 1.152771633202379409e+00 9.450512246563402829e-01
1.046464133931336526e+00 9.614463224766716110e-01 9.439196332656223376e-01
1.137297441036235535e+00 8.609198764324621500e-01 8.718301833450369243e-01
8.735266791473561554e-01 8.531471563476670239e-01 1.006801924773474521e+00
9.340677316203369607e-01 1.050487515421526075e+00 9.182709690515032941e-01
9.354063461644824828e-01 1.035566162325173067e+00 1.073139356756908747e+00
1.019020994758664811e+00 9.819628650662973746e-01 9.998299576635527597e-01
1.034041277771193812e+00 9.926051885900756266e-01 9.948421577938957316e-01
1.063294453099312920e+00 1.045513170140297321e+00 1.118286347913070244e+00
1.147697469471268938e+00 8.900559721495289178e-01 7.698987301205637568e-01
9.379396377769978477e-01 9.143330175001300741e-01 9.234625927036629323e-01
1.101113825007344449e+00 9.025681987595455258e-01 1.029913465288146091e+00
1.063104331306662820e+00 1.047857378824964991e+00 1.140060857563278462e+00
7.445229351995605871e-01 9.944576264115607689e-01 8.461722186411954061e-01
1.115967808274655582e+00 8.230836439579030106e-01 1.024941458892502766e+00
9.190641467959032029e-01 8.523662660917971090e-01 9.853050020488223204e-01
1.022580356183013572e+00 1.148481284118076928e+00 9.241315954431108537e-01
1.037516288636484596e+00 1.095943324137528485e+00 8.384197466746479144e-01
9.973944084583430403e-01 1.034454658970919816e+00 1.035065302092349260e+00
1.107038163802920305e+00 1.035893565207888667e+00 1.170464929253912878e+00
1.004641322151930138e+00 1.054177853034983015e+00 1.047056535371890806e+00
9.602589764722593291e-01 1.135974194769457934e+00 1.018786773441566096e+00
1.010700566249730814e+00 1.015641082111361504e+00 9.710523560453147018e-01
7.887697208273196647e-01 1.044457615847857568e+00 9.796327188966439392e-01
8.328699760872650959e-01 9.211766847329047048e-01 1.017640423003831174e+00
1.134635325671742079e+00 1.021312426999126943e+00 1.098632497855748458e+00
8.406455413473952198e-01 1.072582846327096107e+00 1.092451570811599160e+00
7.384409625600436566e-01 1.062357201656387806e+00 1.132585344982633302e+00
1.065857055163070388e+00 9.293821780603422900e-01 9.534372177328098719e-01
9.175579416519913378e-01 9.078381182520769421e-01 1.221548530610589323e+00
9.658518855863087449e-01 1.046777186887527966e+00 1.026056204366037283e+00
9.430693907745536508e-01 9.608946617535067958e-01 8.771347141521033119e-01
1.061757027575050527e+00 1.034910509688404145e+00 9.430070305517720408e-01
1.001561561602519079e+00 1.001303255491875710e+00 1.029712700928273827e+00
1.020536219697338876e+00 1.081362771413511670e+00 9.712175187693306011e-01
8.911022045389018764e-01 8.935960481668040467e-01 1.035896492605810737e+00
1.084089514035729396e+00 1.036754699990325435e+00 8.738469121284986318e-01
8.508215105510767984e-01 9.525147378738588744e-01 1.039036522384737760e+00
9.585748970470080454e-01 1.008663790960098172e+00 1.127664811880987106e+00
1.051873243021028914e+00 1.044395581938718287e+00 9.283052065449741708e-01
9.030088277664223284e-01 8.966948691871469146e-01 1.179442715924094554e+00
1.053445895164756729e+00 9.933230479440350313e-01 9.152756493258101811e-01
1.090828820992867154e+00 9.114339091874947840e-01 1.079834631537320622e+00
9.449145071684396102e-01 8.389951345274396788e-01 1.064252677002352820e+00
1.202457566314507176e+00 1.015264627543978282e+00 9.171787479401295462e-01
1.084102602549585681e+00 1.003673338033940432e+00 1.023865332999277955e+00
1.092009473000940201e+00 9.384594170430576865e-01 9.977682374745653338e-01
1.229748907237447675e+00 1.172003366635534949e+00 1.089800553603735400e+00
8.448980438737141441e-01 1.046119059666643203e+00 8.597917529057373942e-01
9.848526928267913316e-01 9.298772897058801279e-01 1.057805117132762263e+00
9.998310430038891417e-01 7.525771777133390961e-01 9.670297195579408145e-01
8.465957333402309715e-01 9.433620223748513389e-01 1.077514070931627765e+00
7.643354385476193169e-01 1.010004986738227251e+00 9.415154909772417424e-01
9.564543306326442895e-01 1.078485860366541926e+00 1.001618333091427226e+00
1.002935030877973421e+00 1.078924059701315219e+00 1.232132449890265713e+00
8.042089854395336745e-01 1.057474811931391256e+00 1.159423927572402313e+00
1.066746347766053926e+00 9.179232392995608780e-01 9.424829740017810487e-01
9.993619432702426364e-01 9.477018904093756912e-01 1.026370163877334152e+00
1.118464656714690975e+00 8.630555126730714566e-01 8.113353106098004641e-01
7.962704143744264718e-01 1.137245963759764944e+00 1.180374246214482614e+00
8.594616849284931748e-01 9.804865540795001388e-01 1.061475093873860631e+00
9.126451803592421363e-01 1.036391445139281053e+00 9.042339450549127244e-01
1.003816099501628978e+00 1.071610060876865056e+00 9.794745464234198007e-01
1.024452518168945003e+00 1.088276559465526150e+00 1.022023898538227060e+00
8.695142823976855784e-01 1.019835928440137263e+00 1.105717635862141890e+00
9.214338049542469822e-01 9.653154268576503716e-01 9.915439932576668447e-01
1.190307989039692593e+00 7.622268712475395169e-01 9.643005296622216838e-01
1.036621508618979393e+00 1.084815014738682137e+00 9.658363734036521375e-01
9.890291797793194783e-01 1.005463886275129504e+00 1.038606283207422765e+00
9.816646437590262897e-01 9.948866617633236320e-01 1.120854880773492157e+00
1.022187361132001371e+00 1.037797835150814363e+00 1.176501012836514537e+00
1.027363544167493092e+00 1.045065967077467795e+00 9.739518425516121569e-01
9.586451690031063677e-01 1.135077007261170889e+00 9.931627835876291055e-01
1.006744790462279049e+00 1.039684766583769182e+00 9.545223361391165229e-01
1.040534475947120452e+00 1.026786268496943322e+00 1.118537309391983925e+00
1.057577584348402544e+00 9.522001443668445253e-01 9.073692951494732872e-01
9.981261281778124328e-01 1.082539803486161745e+00 9.109900566818271983e-01
1.175741304056799219e+00 9.571938400569870442e-01 1.162322070895480453e+00
1.007548246662907321e+00 1.192091391072445106e+00 1.031923562012226459e+00
9.963025023169104211e-01 8.819992854221216927e-01 1.151802047006111884e+00
1.232777386994738489e+00 9.233077756127492375e-01 1.022872688374872663e+00
1.061345485643304887e+00 1.012727379140288209e+00 9.533182220234073245e-01
1.083164431928403282e+00 8.279348929200340823e-01 9.475547734219392781e-01
1.049837691079771540e+00 1.079864395739593030e+00 9.428193248897450696e-01
8.252359199170712367e-01 9.952222207910527141e-01 1.104959345300975393e+00
8.648445968335067846e-01 9.774674556902520628e-01 9.982659163383479362e-01
1.000565957471690748e+00 8.774834374568357687e-01 9.560301933481962777e-01
8.200956080492057820e-01 7.576172630179338618e-01 9.385922966919595378e-01
1.008082751100724650e+00 7.525220590684712496e-01 9.868002515017492149e-01
9.060050066267965052e-01 1.005785470596195275e+00 8.988192794463880642e-01
1.155358329864473399e+00 1.107315902577020506e+00 7.569069989313867985e-01
1.033921770024390785e+00 1.054430108415308709e+00 1.031254254808389614e+00
1.083696905073655126e+00 9.392208716422142389e-01 9.397008767662051731e-01
1.151924868035195670e+00 8.771264164761278792e-01 1.109601132060838324e+00
9.224688916573240416e-01 8.775071978507812398e-01 1.025584835320892285e+00
9.965813102580415306e-01 1.095671429589921253e+00 1.021178001765300047e+00
1.196601327497830436e+00 1.048149489483466867e+00 1.062968903199273729e+00
1.032157705439490147e+00 1.219565996248610729e+00 7.903485864966665053e-01
1.134419018586453332e+00 1.061637756119741871e+00 1.138926223604032284e+00
9.775848841562055913e-01 8.963487566757361025e-01 1.066128864346512550e+00
9.855646064710243959e-01 1.023111426409369917e+00 9.545073273101625233e-01
1.074557571920104815e+00 1.074500292392352785e+00 1.093216880955228953e+00
9.468181703517793979e-01 1.111533264140843968e+00 8.996237064362376801e-01
8.913705238650138085e-01 9.895333150455569715e-01 1.104041330642567598e+00
8.720861097998955369e-01 9.955959759438428591e-01 9.348105068467746914e-01
9.822380244723932785e-01 9.569257685009222580e-01 9.781412725774562000e-01
8.823264288371104325e-01 1.027580728094155127e+00 1.002055379409264591e+00
1.028806655604318054e+00 1.108001844458554430e+00 1.014277566005614251e+00
7.823531813327427864e-01 1.061604709841378558e+00 9.419812340394718708e-01
1.188417681877421250e+00 1.052535976377805049e+00 8.448313710848983638e-01
9.796532082532435348e-01 9.620106671247989905e-01 9.278294709734452583e-01
8.301081083740755595e-01 8.881155897560086832e-01 1.096537122623530536e+00
8.218050272132219058e-01 1.025379665839640797e+00 9.625456374672960447e-01
1.069908356647851999e+00 1.011532836389626766e+00 1.089653999419256891e+00
1.083671572751614631e+00 8.436549112280181673e-01 9.757465910365162864e-01
1.089539901885840267e+00 1.095586202671985143e+00 1.031457488756359675e+00
9.313771816962188588e-01 8.970450909171785447e-01 9.465829781662553621e-01
1.046418207538875933e+00 1.009540831211336087e+00 1.100239549784244986e+00
8.480016096396343350e-01 9.420178426777672254e-01 9.450667834157590041e-01
1.025786237494873410e+00 1.019312977683659138e+00 1.022894629727739479e+00
