-5.527465432038181775e-02 -6.836531885410576659e-02 4.214996324936677585e-02
-3.823695061877845358e-01 -5.179384949720012843e-01 -6.783713323504139692e-02
-5.150765795776254818e-02 -6.114542046250038415e-02 -6.660060900761584357e-02
1.130712201985908799e-01 1.978754799450848645e-01 6.655262821942084517e-02
1.452063543628849263e-01 1.058292288829963818e-01 7.785250482892744350e-02
3.284528551988836198e-01 -1.976555808976092343e-01 6.200699898604511429e-02
3.992932801416383404e-01 -2.703345791515247010e-01 1.237543591546812483e+00
2.223420070239882917e-01 4.498700688770230216e-01 4.850326972468608222e-01
-7.716629325301099795e-02 -2.126179020426572641e-01 -1.036811022469676241e-01
-8.062170589780139063e-02 1.487706736509680772e-01 -1.857378859308167485e-01
3.047587978856696259e-02 5.364630273162702967e-02 4.496823096376836165e-02
-7.969393851037319398e-02 9.838091426486758433e-04 -1.974778184670866743e-02
-5.116421127146137532e-02 -4.521407733082927205e-01 3.407364924543418438e-01
-1.490192803525619211e-02 -3.645722434140168389e-01 -2.697939661812057688e-01
-2.590297675420071277e-01 2.244481376186813204e-02 7.268287161443857947e-02
7.165424733219027953e-02 1.952386846624928340e-01 7.034475872495320470e-01
-1.076596016022999952e-01 1.164863201875068754e-01 -6.211412747190222378e-02
-1.628901958277254314e-01 1.230660530526509894e-01 -1.856205488950219695e-01
1.562382726593163074e-02 4.848536250551464810e-02 -1.176521626160158679e-01
-1.701737800256882815e-01 -4.844992203419927757e-01 -2.800574293447440355e-01
-2.125746667659753619e-01 2.060551474468884370e-01 1.147118052019550638e-01
2.292328993283413233e-02 -5.705222485161070417e-02 -1.222381107197623579e-01
-3.267617843005853930e-03 2.237253401750489978e-02 -4.983009433257508045e-03
3.849307323418833110e-02 6.259658457654564134e-02 3.540436904302605298e-02
4.118115841550483158e-01 -4.692151841612112739e-01 -4.244812483384189927e-01
-1.664193009784914190e-01 -2.095970297380757297e-02 6.102376884048270334e-02
-4.756680660882279810e-01 -1.015150650109192809e-01 3.103153980548307711e-01
-1.355734075593288401e-01 -3.796679607370921916e-01 -1.606769433546017256e-01
-1.600725897357977226e-02 1.511423779336294390e-02 4.310640604039397625e-03
-1.410896499307234299e-02 -1.260773105668144475e-02 5.105154801372785655e-06
-3.343000569497552310e-01 1.010131419367440442e+00 -1.744064935184676646e+00
-2.631138425193138008e-01 6.134906015475914687e-02 -6.356910549002281474e-02
5.747748155560000738e-01 -1.045310729840527308e+00 5.779218748224598245e-01
3.869471854089421431e-02 -1.045535901561596565e-01 3.961458997375187641e-02
7.675643252300888564e-02 1.247323116112461772e-01 1.770646701247836352e-01
3.317667030540927264e-02 -2.460660786748610288e-02 4.093950590802573619e-01
-1.685813624355006479e-01 -1.002848624217675289e+00 3.121854137682127939e-01
-4.025402532635985464e-01 9.282614060720115745e-01 -3.956186437283586432e-01
-7.066785057599259123e-02 -1.841778385358575854e+00 -2.022687490258054499e+00
-6.996569434816567457e-01 -1.062287098878059055e+00 -8.283068167406854032e-02
-3.984225417704970740e-01 -6.579444838231211269e-03 -1.211911846543201055e-01
-8.299920552954297148e-02 8.402363738291737660e-02 -2.301974801866689402e-02
1.216985425747562077e-01 -5.645784470529596061e-02 -1.071470681140918590e-01
1.403563534025509041e+00 1.525660388730074812e+00 2.707793792045514181e-01
-7.121273000577774126e-02 -7.923152944547613707e-02 -1.537211909876095781e-02
-4.371552461625023700e-02 -3.871111053655866552e-02 -1.002634364764707492e-02
-7.208029756619441786e-01 5.816508604266470428e-01 -2.386504465679051834e-01
-5.359538158330274804e-01 9.691026638273412264e-01 -1.577637320673599131e-01
3.650313686269800184e-02 2.092836282202445095e-02 -3.218843840865327072e-02
2.102117935041590557e-01 1.017796894371070099e-01 -2.602268823996070624e-01
-3.729905568210217792e-02 8.379688630198359189e-02 9.482550215804226579e-02
1.408851468623096848e-01 -6.168186353764918556e-02 -1.545849236176161934e-01
7.031884685044358096e-02 -1.138236722650249194e-01 -3.209761859316740545e-02
1.083827942459668625e-01 1.790667369008451873e-02 -1.042966353573906019e-01
-1.943886375004332326e-02 -2.544414010985659308e-02 -2.155965226164473572e-02
2.036312192114643760e-01 -1.697262532713175731e-01 2.174188695545625771e-02
-7.895481506902010671e-02 1.298809230217460968e-02 3.437994230720485024e-03
2.521825043338801753e-01 2.453565744217937050e-01 6.944063150099467896e-02
-9.868996953950104345e-01 -8.582645934559064438e-01 -4.342925471806802773e-01
2.497947496251222421e-02 -1.529933747543030589e-02 -4.311458989341247078e-02
-8.729178845226756023e-01 3.125785720358085218e-01 -1.236640763871127841e-01
-3.424848806089816206e-02 1.822919762418766243e-02 1.092388019919047215e-01
5.696570786320941104e-02 1.696837654129905448e-02 5.552475526263222355e-02
-3.790444723013269845e-02 1.605209741002240967e-02 -2.859814639426682889e-02
-9.424224614650955623e-02 6.830044487223628502e-02 -1.960976751440676735e-01
1.298534963812900123e-01 9.327148349972594343e-02 4.539060722004627235e-02
3.278707397904717658e-02 -3.256919975745938087e-03 -3.547691546227297460e-02
5.815278221511308576e-01 -2.541829540079798555e-01 3.425220306035097195e-01
4.335160214185190125e-02 -1.261958440532863213e-01 1.483812632259707553e-01
-1.623849730773006206e+00 4.416179087281491000e+00 -9.032728892375057939e+00
-3.357582735572320898e-01 -6.976828143318087871e-01 -5.672867752911663342e-01
-3.439824010911480406e-02 -6.263851826151032968e-03 9.934970033367608588e-03
-3.397446671392874429e-02 8.118046333233940037e-02 5.669645796812040894e-02
-4.553161864863734531e-01 -1.507232548067978517e-01 -4.732894163971441692e-01
4.549161906985800807e-01 -3.007336928095017542e-02 4.488193580961833545e-02
2.884806935909723924e-01 2.583423810534112075e+00 -1.831164996940798095e-01
3.280868379433629634e-02 -5.994176303689942309e-02 1.012206492926104144e-02
-1.082101635507098480e+00 -2.424082754814614660e+00 -1.345211254875389839e+00
4.907512641935324327e-02 1.808343923116521035e-01 -1.277221041606504404e-01
-4.389905503267739761e-01 -1.233357367710363472e-01 6.035125040985991896e-02
6.523358171529785032e-01 2.648561845295790418e-01 2.480427563501238775e-01
2.172269830254731915e-01 4.138598406241641992e-02 -3.925462050508365941e-01
1.872811925724777948e+00 2.628349977880105826e+00 2.873797393500844843e-01
-1.785390702719103218e-01 -6.718197056026931069e-02 -1.829077369499389899e-02
1.256848638606972157e+00 -6.748772459658931133e+00 6.447201946122637750e+00
4.465352145100362491e-01 8.179322112032334502e-01 -5.199215032301659489e-01
-6.409196426836380467e-02 -5.394542873185962512e-02 -2.513916261797315491e-02
-1.573250610336577038e-01 -1.877462432102688372e-01 1.227418836147192577e-01
-2.592357445335447680e-02 1.381899695669283612e-02 -5.205352274550661268e-02
-4.124667945566551364e-02 2.614614618111285246e-02 -9.282310080334749483e-03
1.111683116308321839e+00 2.243770464833326483e-01 -8.801346555143640081e-04
-1.746309832475312573e+00 1.486106286004973187e+00 -9.423062177673682260e-01
-1.124967290612158138e-01 -5.740496952592392954e-02 9.644926581838918211e-02
5.678071131967505902e-01 -3.244136423650583190e-01 -3.153814835675847750e-01
7.531573262682775272e-02 -4.019433002185848758e-01 -9.610473884536901990e-01
7.881695718176921772e-02 6.591803437568177770e-02 -7.769701405329151878e-02
6.537489650772829730e-01 2.979376857976637538e+00 1.632840983761266740e+00
3.060061971478024098e-02 5.274117628992683326e-02 -6.257180953480853507e-03
-5.834543802130173762e-02 1.012332843420272521e+00 -5.641340820855849092e-01
9.739324059128697808e-01 1.524499845469506343e-01 -9.755752702929141318e-01
4.554940948352331938e-03 6.541775717031003690e-03 -1.305778376596480536e-02
-2.018635811137548253e-01 1.844390560096504650e-01 -2.468348849087329822e-01
2.003214116237161113e-01 -2.317944627829929827e-01 -1.194315720768302919e-01
2.138374731136499507e-01 4.967394568917960634e-02 -3.185728618820134542e-03
2.752248521860881647e-01 2.717929452768514387e-01 -1.541278435512289657e-01
-4.243957609482011673e-02 -8.251711068953172801e-02 2.518566170729730777e-04
6.000308352149767883e-03 -9.806052211354106957e-03 3.772290190789184122e-03
7.753014555041342071e-01 5.398617257910802714e-01 1.412848317266505838e+00
-3.109629264822702868e-02 -5.554106481816334720e-03 6.241295635848282883e-03
1.080435083140612734e-01 3.158129186927343679e-01 1.050002499808153911e-01
-1.092638104641579400e+00 -1.976458168778233715e-01 -9.670204808393580986e-01
-2.175270168003979199e-03 -1.638287120817058171e-03 1.247992785581265515e-02
1.445088692250736662e-01 -4.562859464237227491e-02 -1.179801453034407151e-02
-1.973639886660171969e-02 -3.480879695161047394e-02 -2.130637687235697065e-04
-5.758182638139756199e-02 2.868567084084539670e-02 -1.244805598788465556e-02
3.378934116718552705e-01 2.958548060910512478e-02 -4.127914976242557515e-02
5.365899520789591676e-02 4.828808547938313878e-02 -5.405223358483775276e-02
1.061250343022036358e+00 9.334767449857579724e-02 4.334665644111866944e-01
3.137005876341124044e-01 4.944930723498762171e-01 1.848806863638171871e-01
3.111445327903167857e-01 1.378601123046398147e+00 8.723371771118492157e-01
-3.549146853865006723e-01 1.842641227466139120e-01 -2.451804079328590569e-01
6.748523324396932255e-02 -5.844779784502290854e-02 -8.099787586620460500e-02
-2.108612828915772119e-01 -3.100240240733592167e-01 2.584815784801792193e-01
-1.557460115724531441e-02 -2.924831603520470363e-02 -5.082765955685226295e-02
-1.091875057846256186e-01 1.404268413611835242e-01 6.944615205057629026e-02
9.897166315546107596e-02 -7.497132927278003789e-02 -1.294930757221016970e-01
6.725579458722075188e-02 1.608994559674718772e-01 -2.810560408982772790e-02
-8.155632876658609476e-01 -6.061688532144214880e-01 -3.861459978452025377e-01
-5.032687307359865088e-03 6.801649418350379228e-02 4.859093213782654797e-01
-4.789353459431431453e-02 -3.705858022497107718e-02 -1.549603914733496957e-01
2.902224201382213042e-01 1.855727626483886505e-01 -2.052944021099341321e-01
1.656224638259849169e-01 2.698317397040874144e-01 -3.388976222458471854e-01
2.864412517087013346e-02 2.142681058368652372e-02 -2.661984037826304883e-01
1.292520139123045364e-01 3.148628665884977695e-01 -3.636789862011610697e-01
-6.438237922675961108e-03 -1.157650814055263822e-02 -8.273456981078643234e-04
-1.023083521359863940e-01 -5.485768010368505948e-02 -2.785060480814922634e-01
-1.439321951783832654e-01 -2.301542760339677154e-02 -2.761566403731081226e-02
3.652352983752670673e-02 -4.692746327520998517e-01 3.165510065614342006e-01
2.327630892538892216e-01 4.445265972547130517e-01 6.128164463000458639e-02
3.536606331730333119e-01 -4.056254722053445061e-01 -1.403664247026502887e-01
9.038203820523260310e-03 3.878104148312490063e-01 -1.146284538017534882e-01
2.316613524671511104e-02 6.676688410752003311e-02 2.820642159316266023e-02
1.043082569590204067e-01 9.173846845476735234e-02 -2.236820183409693186e-01
4.952681895370926457e-02 -1.618613903645662808e-02 6.400418679597985605e-02
1.901241477453682882e-01 3.127360008728738427e-01 -2.492394303877375206e-01
-3.653725951520428450e-01 -1.090178006282661004e-02 -4.116295664008541300e-01
-9.612287706317556024e-01 1.304947529578626142e-01 7.821330491769215021e-01
4.099736631464169501e-02 1.756964354161853065e-02 5.583722638884210457e-03
-5.967078013775405088e-02 8.939433987759108635e-02 -6.224579578526871076e-02
-8.891675096714724003e-02 -2.567122830020075464e-01 -4.996297170183093550e-02
1.388674288939013568e-01 1.986451551035621141e-02 -1.896754835303090039e-02
7.022309894363852611e-02 -7.465438475277824670e-02 -1.145827303180248918e-01
7.737273542475332277e+00 4.310226818036714036e+00 -1.230728296067103544e+00
1.221645039287727191e-01 -1.544226635506915357e-01 1.965539938843886003e-01
5.857482108583251801e-01 -3.244227662603244022e-01 -2.340302951726147551e-01
-5.339781023684448541e-03 7.795060366340495622e-03 -1.740677617989096898e-02
-1.857276314638817982e-01 6.780610935633516467e-01 -5.422960782342691743e-01
-2.153294264331554464e-01 3.044465341679782749e-02 1.537636754599441130e-02
8.269504608991434802e-02 4.501632197007603836e-02 -1.233744455098716442e-01
9.667007766604724175e-03 -1.090720753525703662e-01 3.963661861856384444e-02
-1.816980521635429280e-02 -6.012545704963745408e-01 6.212247055751310976e-01
1.866936995623235562e+00 5.998234299117813362e-02 1.767114381010150281e-01
1.006426340195160973e+00 -1.000875833226041456e+00 -5.810275239015512128e-01
-5.577484799183734382e-02 2.426138717665353190e-04 -3.350058146526169178e-02
-5.068798519306883660e-02 -1.976808300571613330e-01 -7.901477590776437299e-02
7.114586303440869654e-03 -1.201957456549524426e-02 -8.974233602248127273e-02
8.034299112570217338e-02 -7.108444729341408808e-01 7.864322250240535217e-01
-1.322108812623540644e-02 2.304455333114892868e-01 1.483491826235923960e-01
8.791556339123623998e-02 -1.554884654128734500e-01 2.733405645600024969e-01
-1.241532257346829871e-01 -1.507059031237316556e-02 -1.607892066290109168e-02
3.781272876326648418e-03 -3.793534351617342763e-03 6.377197723691540102e-03
-2.485065307185539973e-01 1.353068739157076150e-01 -1.595202312845903359e-01
-8.012057378920963563e-03 -9.131191352820535248e-03 -1.327614768480273565e-02
5.091232758900881450e+00 7.382509242825507023e+00 -6.751188860899928201e+00
2.617640657361112663e-02 1.843902424711617305e-01 7.831516319824449734e-02
4.943237046031050824e-02 8.545913793041699791e-02 1.445790706312354013e-02
4.003429762687206461e-02 3.732867457904358310e-02 -1.023366846849445844e-01
5.432173002241890564e-02 1.472699486252683314e-02 -6.822316876488497550e-02
1.279540512476856108e-02 1.922711135935549183e-03 -1.859614708871355163e-03
1.869776394181633591e-02 4.672637042398216506e-02 -8.441042726344252789e-02
3.603573995386656625e-02 -3.147969916293094639e-02 1.686553236773951714e-03
1.521700713809124306e-01 4.534615855051690736e-01 2.721110672759906590e-01
-9.259890587105816875e-03 -7.208515621415104158e-02 3.294158561068124408e-02
3.403146904012939178e-01 -1.100509024366078004e+00 7.378167282725062170e-01
8.118359359142260367e-02 2.188876618139443814e-02 -1.258630065789820840e-01
-1.892616064304531061e-03 -1.255353598956807960e-02 1.220722031334986607e-01
1.093776207055030536e+00 -7.522908599088453663e-01 -1.405918793485036178e-01
1.155849185779131705e-01 5.610293137901799509e-01 -4.564363778422588225e-01
5.137524244101458054e-02 -2.419918803725394987e-02 1.058424837989337952e-01
-9.479834946819712393e-03 3.730102913241397505e-02 1.607993263430044228e-01
1.182653974088930179e-02 9.460143368224656346e-02 3.359998761974140186e-02
9.665815532957756639e-01 -1.991118031881325301e+00 -2.045308393989587081e+00
1.502759334003709091e+00 -8.697431197223124411e-01 -6.329963788630115218e-01
-2.984227478122881694e-01 4.979558012725182614e-01 2.445963973323770635e-01
2.434198866426546815e-01 -4.231459040976865427e-01 -2.472843246660866995e-02
-2.655929840282495458e-01 -1.894171232544629713e-01 7.623042935941584664e-02
-7.142920400266510039e-02 3.505730187310830692e-02 -3.970537491628399127e-03
-6.449022797738124257e-02 -6.258248383914297164e-03 -6.153699490993857352e-02
5.964134379840476674e-01 -3.103509685455299594e-01 -3.592206678952839516e-01
5.615990668104333533e-04 7.149275328435172362e-03 9.904587330532401215e-03
1.372992259044993578e-02 1.847557935487604830e-01 1.623728672042405174e-01
-2.410806181297140208e-02 -1.631658667125103837e-02 -8.795491597924497140e-03
-1.568201101686268750e-01 -2.207729317980591521e-01 5.002478623091114601e-03
6.683487196028033150e-02 5.156461884734698381e-02 6.551687294144253881e-02
1.652093456446784181e+00 6.495399669745709481e-01 1.888426155626741210e+00
-1.497946470763741322e+00 3.636894914522459388e-01 -4.710228032279613619e-01
-2.176623190615109560e-01 -1.247197001325630605e+00 -1.981221788841232678e+00
-1.670162324128231929e-02 -7.226680075731777009e-02 -1.563046979187662083e-02
-3.664939672417224636e-03 1.157375428302989196e-03 6.642280086266011407e-02
-5.494076907752053207e-02 -2.807599415410034216e-01 2.794731866174123280e-01
3.620194091231943467e+00 -5.252509741470476001e+00 -1.279101103741410173e-01
3.706016919459455550e-01 1.426503074527962101e+00 3.323321624290421772e-01
-1.278334058255752859e-01 1.543483137176128173e-01 6.592251149123017073e-02
-5.645565977068183611e-02 4.810206058359629139e-02 3.887571907728006732e-02
-3.765048486387413407e-01 -3.686423326624196917e-02 2.470542047137830322e-01
-2.829831812447420811e-02 -5.585699145550918066e-02 -7.510010543052182685e-02
4.335090283531024824e-03 -5.152967050556078038e-02 -2.554349337752341853e-01
3.115757383172577666e-01 -9.252768272647128311e-01 -3.185006706700411749e-01
2.803387384079363831e-01 -1.286446484552199454e-01 1.507791846062526975e-01
1.405264005224203527e-01 3.149317035390974961e-02 3.275392590800635384e-02
-3.038034725723379736e-01 2.739301990663254860e-01 -1.145400121407159043e-02
-1.874838249502148724e-01 -1.030093850598495092e-01 7.283951288249279621e-02
2.394897487110407841e-01 -2.457478581121120068e-02 -1.779984351926325314e-01
-1.416085962769705553e+00 7.867573612798304250e-01 -7.475104898400265485e-01
1.634597764768432179e-03 -1.010723607385083204e-02 -1.577480234933767086e-02
-3.563434019026672783e-01 2.527577316760378223e-01 3.786498716519799967e-01
-3.354742785346583305e-03 -1.544423130125458649e-02 -1.929567545477046953e-02
-5.349020078105126696e-01 4.484278183048552302e-01 4.387906367865310187e-02
-6.735454631248719015e-02 -1.930263006688649838e-03 -7.650232350059929694e-03
2.242500035761852903e-02 9.201443444406700797e-03 1.167111933351232117e-01
1.068423242467015921e-01 -5.682287543579288974e-02 -2.182329389102213579e-01
2.300724891739259590e+02 1.190227936717823951e+02 1.684803533611253954e+02
-1.720991990696384422e-01 1.693215535109395542e-01 1.019732164783058725e-01
7.540780224911939299e-03 -6.660077977290333739e-02 1.145280892300656189e-01
5.468060540350595106e-02 9.014629572482969755e-02 1.459684498917941942e-01
-7.822821094626139504e-02 9.675612775294196999e-02 1.958771260615822796e-02
1.862610753659534168e+01 9.292542866382439115e+01 2.671278728821476989e+01
-2.874445828402402009e-02 -2.632575162051758455e-01 1.461846608139185655e-01
-1.283822002009192206e-02 -1.236289407010079111e-01 2.178581755173452164e-02
3.181938047796384339e-02 -3.600388021548221740e-02 -2.756907679386628660e-02
-5.373967979416546109e-02 -5.028191725872055429e-02 -2.734927706946978579e-02
-4.771393502493552208e-01 -6.046132778332116153e-01 -1.113314227664151251e-01
-9.205237171374859528e+00 -1.112013695689831394e+01 5.699758453971002226e+00
-5.603534932207533681e-02 9.375764922821354375e-02 1.037995680163271602e-02
7.823094645896264479e-03 -1.269442666805290811e-02 9.256210133895267922e-02
-1.415396022385271013e-01 -1.221090416806942525e-01 -1.719755714751343423e-02
-7.402189125487741439e-01 -4.384366005326482130e-01 7.069677479162814748e-01
-3.261503941166265380e-02 6.525777173760878569e-02 5.447178397324718979e-01
3.381695862522291485e-01 2.557081112545557255e-01 1.416972418507058962e-01
-3.705310246148766501e-02 7.399967672598395385e-02 4.007746126392991437e-02
-2.317286594383020232e-03 -8.582129621885137283e-02 3.766565449530547005e-02
-4.452613721309350847e-02 -1.305670110269733977e-03 4.560406726646715377e-03
1.627663017284229977e-02 4.317901383328220238e-02 2.762033122607351551e-02
1.310793026584528564e-01 -2.956085814715088134e-01 -1.169274708295919840e-01
-3.565682346180679141e-01 1.416647309755953543e+00 3.582080134872973609e-01
-7.280754555683606466e-02 -1.053267853136166943e-01 1.806989456525516860e-02
7.514015545171373045e-01 4.004927382336303382e-02 -3.922763263100483289e-01
8.076390971304669986e-02 -2.051461384763749174e-01 -3.000608490200957004e-02
-3.845864091570152521e-01 2.121039801151108906e-02 2.308782930475848649e-01
7.142263460488476601e-02 -3.225463720562421477e-02 -4.709090736505177482e-02
1.250658333928566235e-01 1.205854125224393170e-01 8.473318133708636346e-02
5.406352050354967798e-02 2.937974479145637474e+00 -1.347305814527918422e+00
1.449137912421421537e-01 1.072690519045379764e-01 4.000674965084367873e-02
1.063693095685187967e-01 4.300107253993401546e-02 -8.884299091987873931e-02
1.239663326330479487e+00 -9.741537974786969034e-01 1.144976858947559517e-01
4.318971061442913179e-02 -4.302743216017604344e-02 7.666658760444219900e-02
3.877029559331137687e-01 1.292318043666421390e-01 -1.663097287477599551e-01
-2.478008113475193008e-01 3.488014867710718253e-02 -2.599560600168225877e-01
-9.952840006360902381e-02 -1.986268802993796170e-02 9.707888954054143260e-02
1.581741683590966608e-03 -9.395529231439941550e-03 5.090219128885238586e-02
-2.201938370852114246e-01 8.541101400840978020e-01 -2.942612221850812726e-01
1.257990310587572824e-01 -1.672783715107246383e-01 2.697612699147310389e-01
-9.721121297994309018e-02 9.758540033927265434e-01 1.048769549029257737e-02
-1.877325841956512531e-01 4.279378424516309676e-01 -5.830938012291631001e-01
-8.311007032118018778e-02 1.773242566075815263e-01 -5.341859843361625865e-02
1.444890588024150269e-01 1.085601120960472121e-01 -4.631644627012741766e-02
6.762235042851109101e-01 -1.398973520509083857e+00 -5.387806048047498464e-03
9.304087115850089018e-02 6.318186948082009646e-01 -1.147954621511764861e+00
5.133502217991144090e-02 3.095466796669507636e-01 -7.086196210808430873e-01
-3.758348936924140599e-02 -2.892434627201737052e-02 -1.841554771903804524e-02
2.023636085873388446e-02 4.095315038334457203e-02 -5.505969049736528231e-02
1.289054968911358401e-01 3.166919038508598239e-01 6.899437290053735961e-01
-2.358146723672480150e+01 5.513482388614643526e+01 -1.932572073370363341e+01
-5.289487223932161364e-02 3.451064652155699242e-01 9.093856114232000409e-02
2.759444931517618937e-01 -1.665289887587455622e-02 -2.890310847761296542e-01
9.639442239575213289e-01 -1.196985107569815791e-02 4.651200553055039322e-01
-1.275746990296800637e-02 1.946995686285732940e-01 -1.604352624871970695e-02
2.085105023912204869e-01 -7.172960736214242239e-01 7.013633025226612139e-01
2.216741808279506232e-01 1.282855228279330406e-01 2.323994875081011879e-02
8.974876190981878610e-02 2.082360554192550645e-02 1.872608003266020005e-02
1.559460243186771601e-02 -9.491245167583675646e-02 -5.753774793638031376e-02
-1.709743626176401798e-01 -1.501258836267597707e-01 3.127426970913957938e-01
-7.624740905625086995e-01 2.704587059032396157e-01 1.525478221991220240e-01
2.525249607944025643e-01 -6.065094661426472245e-01 -3.114814531019300947e-01
4.700185796983173958e+00 -2.679771550394684620e+00 -1.091918591376959347e+00
5.798562295300588865e-01 -5.590711604959910375e-01 1.643185183732043808e-01
-2.128241725758377167e-02 4.069167286754245966e-02 2.576868435908237151e-02
4.519136083608819160e-02 2.553513275096782470e-03 -5.038851228856307263e-02
6.948512784705104472e+00 3.193710938949418487e+00 5.825568351356993801e+00
5.310009133054401920e-01 -1.157076175511006499e-01 4.231723090213336258e-01
8.892182359907943590e-02 -3.017844119375074352e-01 -7.955626879544087926e-02
2.177787776011345100e-01 -4.120622643643646887e-02 -3.003922615510700167e-01
1.817456423771657725e+00 -1.073530266731876637e+01 1.414914674998313471e+00
2.530331379747668974e-01 -5.427088872008611203e-02 -9.632873666232065479e-02
1.167995602894002921e-02 -3.697382955844831509e-02 4.540400063229494548e-02
-3.432087498493794353e-01 -1.182424870946656437e-01 4.815197363381151091e-02
-4.996225155530009850e-03 -1.616709320510889558e-02 -1.786640950225496308e-03
-2.277358009844303310e-02 -3.367971356890604728e-02 -1.653536169030395825e-02
5.746223576186665349e-01 -2.012843129495605343e-01 1.358237712760165805e-01
-1.047526872767824135e-01 1.033004275709738240e-01 -2.506500696025611152e-02
5.723672479019367015e-02 -5.187429348688152309e-02 5.673918303338923441e-02
-1.101540728541978986e-01 -2.685625082653722573e-01 -3.817768072702751314e-02
1.591877902918657495e-01 -1.470581390054696569e-01 -1.158456737466101727e-01
-3.439420064862978160e-02 1.466004548735104773e-01 5.926652475899564509e-02
-4.062399256216585319e-02 1.721438833780854771e-01 -5.089188673606832858e-02
-1.031658751007590857e-01 1.416026400927871409e-01 3.100131029310608799e-01
-2.432019418616367668e-01 4.614785333657335786e-01 1.033389066824482061e+00
4.575905612900174092e-03 1.639195711720324578e-02 2.338143810832962743e-02
-3.332393938066786215e-02 5.286853823969320243e-02 -6.011697266211651208e-02
1.926991968946323644e-02 1.183989784011610542e-02 -1.879608352726512208e-02
3.131821642864924260e-01 -8.382362228246675873e-03 -3.345669921499185850e-01
-1.029935887892138337e-02 -9.776589659714458001e-04 1.661175582288336103e-02
-1.527106967637021639e-01 4.712606446559187701e-01 -1.428415872680151855e-01
-3.861864462964434419e-02 -4.879813754810494869e-02 -8.171081934544901712e-03
-3.823164099517133985e-01 -7.633625507388537568e-02 3.530159426584969506e-01
-6.546635409577876430e-02 -3.578795475663276021e-02 4.588251040079590476e-03
-6.587220197093116014e-02 -6.808503754170026900e-02 -3.457508413224346516e-02
3.628443442129022922e-02 2.369014204443058505e-02 2.660404197872135237e-02
1.097416057644787224e-02 3.037932049841054159e-03 2.889095771823893544e-02
1.015298730863304355e+00 2.565758769747490398e-01 8.200379851440958712e-01
8.205465429936165123e-02 3.547931837991213228e-02 -3.126788323566792593e-01
-2.189582511657581134e-03 3.954108261136590752e-02 -1.058008073046289368e-02
-7.408901010025333855e-01 1.860132582379028232e+00 7.992383681430397235e-01
-1.965000368477664346e-03 3.698685558830681896e-02 -4.597404934681786903e-02
3.503658249424473348e-01 -7.457481869794617413e-02 1.981073015710608509e-01
2.350818400942967373e-02 -5.288306957733675262e-02 2.243206257003214910e-02
2.386593363554563751e+00 -3.341106039504335712e+00 -1.408179936736582594e+00
3.547935934165203503e-02 -4.183575342593292001e-01 -5.044869559084694949e-02
-6.998724467702176905e-03 -4.102677733458792719e-02 1.267522965709297691e-02
1.504251905765928710e-01 1.530460543196547063e-01 5.212565086334385311e-01
-1.172160262324732638e-01 -2.730347832273365416e-01 -1.338144092196756063e-01
2.104014705009233654e-01 -6.341990940005123312e-01 -1.273304303443089092e-01
7.599707857821360601e-01 -5.542880099524756521e-03 -9.909568709178963319e-02
-2.808660453472755503e-01 8.296473575581738702e-01 8.261086054931683353e-01
-2.969960809643505673e-02 -3.367568823930411348e-02 9.745747535225021338e-03
1.143722242356823626e+00 -5.535024420813322577e-01 1.326281539387514918e+00
7.892152886087565600e-01 -2.384111399463676173e-01 -5.209688553190096050e-01
-2.676716190483653612e+00 -3.093987252289789769e+00 -2.923002466960594736e-01
-1.238417608712250734e-01 8.650985158333568403e-02 3.121986440372339494e-02
5.293457867708607489e-01 3.052751010197991555e-01 4.649468203282884626e-02
-2.231987094637947165e-03 1.847533996205283011e-02 -3.918091044886323759e-02
-3.123712146708589876e-01 -1.609961159914407580e-01 1.955967235808737936e-02
5.842717853695025276e-01 6.636998679413018687e-01 -2.667139078733294921e-01
-2.865031413901357737e-01 3.469599990013369495e-01 -3.184750056834775855e-01
-1.073587615667274953e-01 -4.763812279544577671e-02 3.315852116342367373e-02
5.073280719823687612e-02 2.353010376632468439e-02 6.425894470744885484e-03
-9.026512530278051061e-02 -1.067344910408434128e-01 9.196492457377399010e-02
-3.164877631056278728e-02 -3.533333612003501933e-01 6.110489748818741587e-03
-3.835804364926569399e-01 -6.317411915974735503e-02 -8.513801843858170848e-02
-4.521136068941166396e-03 2.945373245145854833e-03 2.956290519149710680e-02
9.968030492035451218e-02 -7.155585848164031093e-02 -3.432529302874314237e-01
1.584944180881460440e-02 7.355089408144951935e-02 3.502445978172168128e-02
-1.812323920293977597e+00 -1.456663180220815645e+00 -5.651496470745968059e-01
1.803898329438826387e-01 3.466522891262425743e-01 -2.240958522323595326e-01
-2.563883826951874223e+00 -1.203691503696136325e-02 1.534561766086873336e+00
-6.163737313216639813e-02 5.941791725948188801e-02 2.027020939627352247e-01
-3.369845562341192147e-02 1.946312787778363418e-02 1.828066425954805868e-02
-4.259877498466901891e-02 -7.944740050738442749e-02 1.247948525537953685e-01
-2.480320564747879430e+00 9.911331947110935126e-01 1.023818540967678636e+01
2.592973425146584410e-02 -1.502279528043845569e-01 -5.833170030017296309e-02
6.669169368997565628e-02 2.319505441929817779e-01 -9.721463760363424633e-03
1.008374313030772351e-01 1.230246416455738206e-01 -2.869533140940772054e-02
-2.018289445030010398e-01 8.320294979514394895e-02 -2.364462983221348402e+00
5.575866559761637198e-02 1.118382915308952473e-02 -1.285085272507306420e-01
-4.071288285750997854e-02 -1.336025967209546715e-02 -6.365577335676625426e-02
1.563129285011882752e+00 -2.155060694753260453e+00 -2.177381641005989577e-01
5.008760778276102332e-01 -1.198690094838012365e+00 -3.524408992027170395e-01
-2.123295199019767029e-02 2.536929536740754974e-03 5.986797003094414781e-03
1.806813021138529290e-02 1.254657961852277126e-01 -3.435730106076375634e-01
-1.318718307297242209e-01 -1.303434449412338436e-01 3.637779899897858327e-02
1.550948799938909606e-01 -2.259811275052929849e-02 -7.431020945403428446e-02
2.948256755148699962e-02 -3.022178681382456378e-02 1.060254331530992994e-02
-9.451685239420980211e-02 1.397889196428866165e-01 -9.754466946221375390e-02
-9.267268724436289115e-03 -2.192033257171526611e-02 -4.345780631048901978e-03
-5.678007781668097387e-01 -7.937260735625689678e-01 1.187185481956133382e-01
8.920413798755806589e-03 3.516143252297429522e-02 6.677283936184355735e-03
-9.824814022529197999e-01 3.194731426231955940e-01 -6.400956812122117201e-01
4.814518278328129841e-01 6.989650859298181251e-02 3.096140770713706192e-01
5.199611619115097200e-02 1.416913093355121889e-01 -8.683043196485605575e-02
3.645768425550363623e-02 -5.037554214234830213e-02 3.538605515495263365e-02
-2.241126276054706268e-01 -2.943169618254990461e-01 7.794021287617554361e-02
6.962681258289411812e-02 6.685757562960481515e-01 -1.484841846862413051e-01
-3.923826312944524441e-01 -2.232561569637809273e-01 7.917098619458817765e-01
-6.493408563772966324e-02 -8.877011235119670884e-03 2.557779887478667941e-02
5.612745525216158993e-02 -3.405399921030885513e-01 8.112895964994108755e-02
-3.842076346185100549e-02 1.334090350523232382e-01 -2.605485666005592504e-01
6.598568616990357905e-01 -4.714480071260116478e-01 8.954105416648658333e-02
2.336294350269325221e-02 7.275208263112822316e-01 -4.916958681162656997e-01
2.774644858977594938e-03 7.342830480718557686e-03 1.700162492917260126e-01
-4.401442696182427533e-02 -4.626131772698225536e-02 -1.042199717164063975e-02
1.849705973679141580e-02 7.701729012228042404e-02 1.203948509319893549e-02
-4.022953159191152567e-02 -4.047267791352356925e-01 -1.411570909859130862e-01
-2.416650075483943727e+00 -4.087951594344652051e+00 -6.855918213883990253e-01
1.308237459297461325e-01 3.138627606269810966e-01 -2.025600333900273720e-01
2.023586923692553274e-01 2.593665896837258900e-01 2.571154820833874144e-01
3.732637334763385661e-01 1.135273120171683914e+00 4.826089484974325772e-01
4.510654217357441542e-01 3.327397790876100436e-01 9.656392555556434498e-01
-3.137195620596006096e-01 -6.168032280068636714e-02 -5.629749993491782734e-01
-5.387079289375595881e-02 -5.471736298620258343e-02 4.294094407092211019e-02
1.442439958187222149e-01 -3.375102571229096626e-02 2.197201836693052912e-01
1.257991296903480660e-01 7.423093975518706145e-02 -5.900347377107006963e-02
7.387417280008588827e-02 2.718874470299291121e-02 -6.647073261957452128e-02
-1.059772114480569960e-01 -5.302326108184154778e-03 2.153543970248388006e-02
1.950243546943646100e+00 -1.904818774793796798e+00 -1.283656319355566344e+00
-1.907434463318926363e-03 -3.491128267398815183e-02 -1.317180670483402566e-02
-6.292538948414271027e-02 -3.136167723958774300e-02 5.298020841318685364e-02
7.366758042168213005e-02 -1.036204853743083187e-01 -6.619000395170053508e-02
1.960751210755155155e-02 -1.353278358397851100e-01 -1.508785242428366535e-01
-8.141124646603594903e-03 3.968438565404156654e-02 -3.991774360329601590e-02
1.372688808497152853e-03 -1.478840204511859824e-01 1.523964952017831942e-01
-6.285152924198476876e-02 1.338807013457086852e-02 -2.377346689357145645e-02
-1.730361508422140482e-01 -1.970257339386508877e-01 -2.798406705299132935e-01
1.330773626616515992e-01 -6.139151143676373490e-01 -2.579669321910843527e-02
1.679745406094375892e-01 2.084396215400174113e-01 4.936311965451421480e-01
-8.613855564694601619e-02 1.520548261768223663e-01 2.419466662685615041e-02
4.121725782544964612e-04 1.542170064547710058e-02 8.585642477087635990e-03
1.617165152870336797e-01 8.619928400676669933e-02 -4.066537585888827522e-01
-2.365630870853731923e-04 -2.053529119239138126e-02 -2.722103758504398896e-01
-1.354071762690438607e-01 5.448395635356910738e-01 -1.199683500947982262e-01
-1.610204481009812616e-01 -1.471028262501832551e-01 -1.101413189546028709e-01
-1.263786059399064854e+00 1.832674629044652193e+01 6.276369093238656660e+00
-1.379392462143822287e-02 1.412872287462957344e-01 -4.796257273162875950e-02
4.948942895952361254e-01 -9.688392072117311127e-01 -2.315211120242916532e-01
-1.772544247284229824e-01 1.427182189428120029e-01 -1.714933175356332107e-01
-3.067268692270576358e-02 -4.774204206490464952e-02 1.042377585696801501e-01
-2.162685736202243358e-01 5.906354130633902771e-02 -2.388141392907948135e-01
7.096172366701329615e-02 -6.268957113133465098e-02 2.529713498497219715e-01
1.581093485199595167e-02 -8.542359689993284100e-03 8.035015867188141647e-02
7.291942364908299279e-02 -5.343356676827568791e-02 1.176278819938269549e-01
-4.143853020779066088e-02 3.116957951960269355e-03 -1.793466656025885161e-02
-1.147808493827680021e-01 1.222618658950389708e-01 -2.421209191117792148e-01
2.995343227580190767e-02 1.030388370272252996e-01 4.095108933492726949e-02
-6.497849334181302061e-02 7.186810292705118897e-02 9.158624588850337866e-02
2.549928316221636293e-02 3.194111305945016716e-02 -3.977289979455606722e-02
3.728321942540364226e-02 7.679655974240613692e-02 -8.513151848428181234e-02
7.438789546236449501e-01 1.609002632819963308e-01 -2.157483758734254076e-01
-7.588858741494815263e-02 -3.121217751565953935e-01 -1.095850601403572655e-01
1.539354572674214605e+00 1.261011200488474149e+00 -1.386559106770643757e+00
-5.845368748299230310e-02 -4.408258363502709498e-02 8.264471448640031692e-02
-5.319773835961795205e-01 -1.299775754407191987e-02 3.329820400760256927e-02
-1.649080765476625479e-02 -3.448699421534255627e-02 -1.936834337104388626e-02
-4.801666424547543915e-02 -3.739775308000273940e-02 3.909853273392143586e-03
-1.071801642035757063e-01 -8.489905414718960930e-02 2.019103257171996763e-02
1.400227297295681295e+00 6.270363703963485191e-01 2.076635365426088842e-01
9.258115713372865041e-03 -4.037108982318258349e-02 2.964718120178771663e-02
-9.620190701682962420e-03 1.445175161716204748e+00 2.190925899198759297e-01
6.406192522579390314e-02 -7.812974900462803587e-03 -2.468427304884379114e-01
1.379036329205077238e-01 -3.861748607020302430e-03 1.074050156363213007e-02
-2.242419995192610968e-02 -1.505902933242693822e-02 -3.848812978234466154e-03
-2.527210793934752675e-01 -2.079136103533309882e-02 -1.782433693455464652e-01
4.216476271316948327e-02 9.578016422878980057e-03 -3.045238070431328242e-02
-6.657192413794461860e-02 8.657958031020203393e-02 -7.235723948380116954e-02
2.064934858197560105e-02 -1.312771777825929437e-02 -1.055226798944225268e-02
-2.773468271792740580e-01 4.197127995948229384e-01 -1.503489995532310830e-01
-2.063895169977963615e-02 5.347272920586481487e-02 5.438716271418970322e-03
-1.781532487989398206e+01 5.213162887367630560e+00 -1.929529853854638688e+01
-7.193965501145171970e-02 -3.488665789151667446e-02 4.423421783206561014e-02
-7.601317467550251783e-02 -7.834248768859581880e-01 -2.738090531109929615e-01
3.726880813898975631e-01 -3.768554798170336007e-01 -3.683661072739947140e-01
2.502895361514937411e-01 3.148188517272370590e-01 1.571829439386894511e-01
-1.323280901698213330e-01 8.676361634529917710e-01 -1.564976862551440140e-01
-7.161110828233796521e-02 -1.576527304872888668e-01 8.033426255479735045e-02
-1.199723026016314698e-01 -3.795724462960602813e-02 4.794781345584207127e-02
2.655444535011719509e-01 -1.475231398346522893e-01 2.339297857960822014e-01
-6.949556255739210153e-02 2.345332467593062506e-02 7.191402432975353698e-02
-1.512793013629220029e-01 5.998633950220708111e-02 -1.421041100040207061e-01
-1.561631919661211378e-02 4.179089805332395630e-02 -8.890938121448029030e-02
-3.593069282914006235e-02 -1.649747227069463945e-03 1.091021503246947764e-02
1.983775490571366290e-02 2.243413513074073162e-02 3.366368846404706183e-02
-2.182165006933951545e-01 -4.713626538547330824e+00 -1.036680116598178047e+00
9.141000857715264605e-02 -3.106002396753166361e-01 2.310053150989128667e-01
-9.732979624996215481e-03 -6.166996160409230487e-01 -1.294659810596264851e-02
6.743515409469413857e-02 -1.594150432354730224e-02 -5.025025748771369538e-02
-6.995397428548021275e-03 2.188643463422677016e-01 -2.009750920510734173e-01
2.177464731348230931e+00 1.325995410064332969e+00 6.789984935071730066e-01
2.609786778756357367e-02 2.378388363318899648e-02 -1.011665610052258323e-02
3.991577161004173369e-01 3.560466836868605989e-01 1.250060621494648583e-01
-8.445380505566810192e-02 -4.727672846306472942e-02 -1.514855130642785153e-02
-1.749257111644120536e-03 1.335199580677017689e-02 1.459506902738616843e-02
8.058565687302739200e-03 1.224427931411138475e-02 1.354041271134755328e-03
-1.460251016450514298e-02 1.999957862255515029e-01 -2.074961442796285915e-01
5.427726923064019743e-02 1.101532172392704484e-01 -1.074845956979508105e-01
-7.760292859418745082e-02 1.216828629852661076e-01 -2.467439065029484457e-01
-1.222500021629447042e+00 -5.744722384398407433e-01 5.804222248042318899e-01
4.558602725450947024e-01 1.607433934908655548e-01 -3.693437450611011807e-02
6.117611408766243652e-01 5.933502656439392647e-03 -1.012225036239619902e+00
-1.519402539755266013e-01 1.456490001916311561e-01 1.462340234533244132e+00
-5.039289812116259232e-02 -4.349048638906333891e-02 8.265852618006813007e-03
1.968165579986664790e-02 6.688069093950536892e-02 2.657326464686367296e-02
-1.396522681191886828e-01 -3.762981064970568612e-01 -2.971036727822434220e-01
